

radix   1 1 1 1 1 1 1 1 1 1 1 1 1 1 1 1 1 1 1 1    1 1 1 1 1 1 1 1 1 1 1 1 1 1 1 1 1 1 1 1    1 1
vname   x20 x19 x18 x17 x16 x15 x14 x13 x12 x11 x10 x9 x8 x7 x6 x5 x4 x3 x2 x1 x0 y20 y19 y18 y17 y16 y15 y14 y13 y12 y11 y10 y9 y8 y7 y6 y5 y4 y3 y2 y1 y0
period  20
tunit   ns
trise   0.03
tfall   0.03
vih     1.2
vil     0


0 0000 0000 0000 0000 0000		0 0000 0000 0000 0000 0000

1 1111 1111 1111 1111 1111      1 1111 1111 1111 1111 1111

1 0101 0101 0101 0101 0101      0 0000 0000 0000 0000 0010

0 0000 1111 1111 1111 1111		0 0000 1111 1111 1111 1111

1 1111 1111 1111 1111 1111      0 0000 0000 0000 0000 0001

1 1111 1111 1111 1111 1111      1 0000 0000 0000 0000 0000
